Calculating calibration errors of every image . . .
Calibration error of Image No.1 : 0.129595
Calibration error of Image No.2 : 0.109866
Calibration error of Image No.3 : 0.109643
Calibration error of Image No.4 : 0.107533
Calibration error of Image No.5 : 0.183285
Calibration error of Image No.6 : 0.0912174
Calibration error of Image No.7 : 0.105038
Calibration error of Image No.8 : 0.0989416
Calibration error of Image No.9 : 0.0819854
Calibration error of Image No.10 : 0.218661
Calibration error of Image No.11 : 0.2236
Calibration error of Image No.12 : 0.114352
Mean calibration error of all images : 0.131143

Intrinsic parameters :
[2858.67327582012, 0, 1842.422793753554;
  0, 2885.015011675339, 1382.559613891173;
  0, 0, 1]

Distortion parameters :
[0.2942999624117501, -3.840871146301559, -0.006278249865101324, 0.003666120134607291, 16.25106189045292]

Extrinsic parameters of Image No.1 :

Rotation matrix :
[0.9967012397450625, 0.04018559736666993, -0.07051068326813437;
  -0.003829368276825132, 0.8911249219621431, 0.4537418973343378;
  0.0810677163194802, -0.4519751002237272, 0.8883391999391314]

Translation vector :
[-127.4068074100933;
  -102.4164987685606;
  635.1595283816847]

Extrinsic parameters of Image No.2 :

Rotation matrix :
[0.9675453114781808, -0.2383901508151417, 0.0838224685327509;
  0.1899947308905273, 0.9049783609695757, 0.3806785631088994;
  -0.1666075402568147, -0.3523979315648068, 0.9209004426963968]

Translation vector :
[-174.9313695509672;
  -122.8023774605846;
  676.7282622693079]

Extrinsic parameters of Image No.3 :

Rotation matrix :
[0.9571073151589474, -0.2894523937849774, -0.01276318931057335;
  0.2460462383374942, 0.7887399093131172, 0.5633388004182781;
  -0.1529929275136604, -0.5423160215122561, 0.8261274096299661]

Translation vector :
[-126.0916743124401;
  -173.14156225882;
  842.3317485424773]

Extrinsic parameters of Image No.4 :

Rotation matrix :
[0.8436571941933571, -0.5325150831189093, 0.06833904401331194;
  0.4712847747254633, 0.7955238312420067, 0.3808313209782105;
  -0.2571637606618818, -0.2890839327546596, 0.9221156543651874]

Translation vector :
[-114.8163685474318;
  -119.7786018530375;
  732.8820391432965]

Extrinsic parameters of Image No.5 :

Rotation matrix :
[0.9355000047015252, 0.2779256584591985, -0.2181675263953535;
  -0.1824166570840627, 0.9087226100474525, 0.3754295955393246;
  0.3025952815589195, -0.3114169975427905, 0.900808275505788]

Translation vector :
[-94.54048128749349;
  -39.82670483690523;
  499.3404681466224]

Extrinsic parameters of Image No.6 :

Rotation matrix :
[-0.8729535542634933, -0.4854957061205203, -0.04739210311087198;
  0.4315425675712726, -0.8139140503393023, 0.3889921991946177;
  -0.2274271410204327, 0.3191204130086462, 0.9200212266727669]

Translation vector :
[152.7142478736286;
  -58.54968836232695;
  697.4060590323883]

Extrinsic parameters of Image No.7 :

Rotation matrix :
[-0.9858711366971421, 0.1621719302366458, -0.0419328853145752;
  -0.1641864217892514, -0.8859790131714624, 0.4336865309411438;
  0.03318012548992066, 0.4344438436242848, 0.9000875657453731]

Translation vector :
[95.06207252161258;
  16.67983832618584;
  682.5647626561009]

Extrinsic parameters of Image No.8 :

Rotation matrix :
[-0.7092620237416997, 0.7048061526440951, -0.0139881690316194;
  -0.6178079758785765, -0.6119127107852746, 0.4938381711858986;
  0.3395006430312684, 0.3589026630918825, 0.8694413101566483]

Translation vector :
[-5.049065977906486;
  39.66837179646438;
  678.7407757471223]

Extrinsic parameters of Image No.9 :

Rotation matrix :
[-0.9805390220606194, 0.1960285100697011, 0.0107726253187103;
  -0.1429728444986203, -0.7506043668507565, 0.6450983259942227;
  0.1345436432997767, 0.6310038888187839, 0.7640236255137632]

Translation vector :
[43.98343161201461;
  129.7253056870381;
  914.6922948460677]

Extrinsic parameters of Image No.10 :

Rotation matrix :
[-0.8941102507625698, -0.4428096011738212, -0.06698146452247819;
  0.3676578666232591, -0.811161251644427, 0.4548022833503373;
  -0.2557235863023363, 0.3820171212641237, 0.8880700234045422]

Translation vector :
[120.3972067819819;
  -21.37825425593207;
  356.0354730430642]

Extrinsic parameters of Image No.11 :

Rotation matrix :
[-0.01809356390287822, -0.9996980826423059, 0.01662427461846255;
  0.862842142589427, -0.007211792208114229, 0.5054220286303654;
  -0.5051495421328018, 0.02348901050373514, 0.8627121225928012]

Translation vector :
[60.09933093175074;
  -112.4307177863545;
  439.5560714664167]

Extrinsic parameters of Image No.12 :

Rotation matrix :
[0.0225341278482235, 0.9997460211813483, 0.0003259051748038533;
  -0.8609973877367043, 0.0192410722654801, 0.5082452945661629;
  0.5081099402616436, -0.011733467950168, 0.8612122934196719]

Translation vector :
[-98.32676596959743;
  82.74755541022931;
  601.8430051563697]

